2448
2449
729
2193
2579
727
5434
4457
730
7308
6838
2580
556
586
728
731
732
5293
1968
2581
6384
6385
627
2582
2450
733
6114
4585
7052
735
734
5312
5627
736
2583
2584
2585
2586
2745
1944
576
2587
2236
2588
2451
1
5604
737
626
1964
2589
5371
5373
2
2590
596
2592
2594
2591
2593
2596
2597
680
7168
2812
645
2452
2595
6658
3
2598
2599
6401
1008
6811
6812
2600
7165
2601
6387
7
2454
2453
2607
2606
2608
2602
2603
2604
8
9
2609
2611
2399
2613
2614
1057
6118
1947
1009
6117
5449
6321
6520
5498
3260
2610
2615
6596
6595
2616
2617
677
10
1010
1866
481
1867
1865
3267
3268
2618
2149
2619
2620
11
2037
1016
2621
1011
2622
723
2623
12
6450
7175
1017
2625
2065
681
2982
6752
6753
6663
6664
6662
6661
6660
6659
1023
3276
2400
5323
5639
1012
14
3277
2626
1006
2664
2627
1007
1005
6618
5922
2631
1024
2630
2629
2628
7201
2632
2304
3278
3280
3279
1025
976
956
15
16
2634
2633
4462
6928
1026
2793
5343
962
5361
6902
648
937
739
869
5
6
4
738
2636
2318
6295
2635
2637
5469
5435
2638
2402
2639
622
623
624
625
766
2640
5477
5350
7062
1640
1639
2641
1027
18
6878
4365
5737
2016
2642
2643
4483
6523
1715
978
2505
1028
1029
2645
2644
1977
2646
2307
7244
2647
2648
20
950
1969
5727
2649
982
2651
2650
5262
2652
1030
5663
1031
1032
5535
830
664
21
5608
2653
5581
1033
3549
1034
6851
3251
22
2980
1035
5465
5626
2303
4368
611
7130
3550
1876
2262
23
6638
7289
3551
1036
24
2456
649
650
2666
647
2457
2458
5661
6530
5597
5528
4448
25
2459
984
1037
2460
5425
6885
2455
3553
3554
3552
3555
2461
3556
7220
7336
497
26
2284
1038
2667
6545
1987
6047
6542
3557
3558
27
28
644
3559
2345
572
6261
619
3560
534
6007
29
7099
3561
3562
3563
6713
30
6388
3564
6666
5766
6110
1039
3565
6515
31
769
3566
770
3567
771
772
3568
32
2668
837
3569
646
6934
5504
5577
3236
33
2515
2800
2183
1040
2801
1913
5828
4031
1041
2669
6831
34
6389
3570
768
6525
35
2670
36
2026
456
457
674
455
6160
2503
2342
1970
6699
3571
7085
6390
7160
742
2545
38
5319
6669
2546
6696
583
2547
1883
2548
2549
6326
2550
2551
2552
2553
2555
2556
1959
5051
5622
954
6739
6740
6741
7059
1325
2557
725
1047
6803
6802
1641
39
2558
2559
780
40
2560
2561
2562
2563
1227
5890
5445
2564
7263
2567
2568
6040
2565
3142
2566
41
2417
1642
2570
5767
2572
2571
3573
1442
2573
42
6931
5427
2574
5374
43
1407
7046
2992
2575
3574
2204
3575
2519
3576
44
2907
6379
806
807
5486
808
3577
805
804
3578
1496
6999
3579
6255
5750
5877
2013
2263
2293
5882
5884
687
892
1414
45
46
5881
3581
6055
1652
5059
907
1660
6707
6864
7006
909
3583
468
48
49
50
51
2671
2672
472
6407
58
3586
1326
3587
1661
6814
6121
3588
3589
1687
6453
1098
6891
1671
1070
1392
59
1542
1117
1150
7041
2520
1672
1157
1094
3590
3591
5714
3593
5715
3594
2038
7047
4375
2787
5501
5474
5611
6546
6234
6052
5796
5817
2401
7190
7324
7325
2673
7323
3595
3596
3597
3598
3599
3600
5996
5987
5824
6045
5894
6198
5760
6719
60
3601
3602
788
1417
1341
986
1673
61
62
5827
2897
5830
7235
529
1470
6391
1251
898
1310
6674
7012
7010
1072
1293
910
1311
2821
6372
5455
7090
2011
2012
2188
2220
7150
7151
7149
1537
1387
3603
3604
1373
4689
1894
3605
7242
6329
3607
3608
3609
660
2994
3001
2996
2416
2993
2999
2997
2995
2998
3000
528
2261
6813
1224
3610
2162
1998
5956
6806
6025
2658
1187
3613
757
7237
64
969
2036
2480
7164
3615
2481
3616
2228
1807
1604
6932
3617
5537
5804
2141
6035
2536
547
671
3620
2676
2286
2788
5555
2785
2784
2786
2677
2774
2783
2268
2779
4451
2780
2777
2781
2782
2773
2778
2177
1763
2678
1055
792
1764
810
7054
1674
758
1616
6682
6684
1501
2496
2771
2770
2769
2768
5971
1675
5809
5807
2767
5808
809
6120
6824
6501
1917
1622
2681
65
2765
988
2764
3621
1915
2857
5375
6734
796
1676
2763
2762
2760
2761
2759
6441
66
1926
2758
2276
2757
2756
5930
4696
2754
2682
2755
7042
2369
3622
779
2300
2470
847
1624
7127
1871
1677
2751
2750
5939
5686
2749
6167
2747
5052
5065
5066
5063
5056
5057
5053
2746
2504
5062
5061
2265
67
5919
5058
2346
6506
2748
6507
6317
5484
6603
459
460
7260
2742
70
2743
1153
2741
2740
928
990
6609
2165
4370
2739
5837
795
753
4028
6529
2738
4527
2737
7178
2736
1337
2734
2733
6452
561
71
5844
1561
1478
2732
1887
5813
2731
5589
6954
1426
1766
5271
2730
2729
2728
7294
2727
2726
2725
1709
72
5739
1116
6402
5273
4699
6373
2869
498
5849
1178
1522
2723
2683
2722
73
5690
7279
74
7199
75
2721
2720
1233
2719
76
77
1789
2718
2717
2088
2715
2686
2981
1051
6655
6654
1123
5632
78
2714
509
1590
2184
6551
2708
2712
2710
1136
2704
7124
2478
6147
1164
2706
6327
7254
2576
2335
2705
1248
2297
1613
2121
2702
1175
2701
2700
1892
7283
2699
1948
2698
2697
6630
2696
7191
6621
5463
6651
5447
874
7222
1059
6143
2871
2868
5691
6296
79
2873
2867
2866
5509
6158
7109
5795
1629
7187
6808
1176
6807
2709
2707
6000
5947
1467
1369
991
6435
3625
1493
563
6809
1627
1626
7091
80
1938
1929
1015
81
4920
1935
1936
6720
5590
6521
2106
1937
1930
1931
1934
1932
7225
7278
523
993
6392
5773
406
1587
6393
1489
6394
7307
6395
6396
6397
6404
5668
1240
5667
1631
5696
82
5945
83
84
1232
1438
5069
6925
7306
1479
4700
6853
709
2099
1720
3626
85
6308
6307
3627
641
609
825
6623
6625
6622
6627
6624
6626
5820
5952
999
2665
3271
7280
3272
3273
3274
3270
5975
3275
86
88
6399
87
2095
1908
6216
5538
7303
2689
7128
3628
6677
2690
1589
3630
89
5308
6676
1137
6656
90
1334
1342
7092
1344
1345
1348
1343
2691
6698
6163
3241
6650
1172
6749
565
6748
6747
6746
6745
6744
6743
6742
3631
6597
91
3632
1619
3633
6935
5426
1556
6665
823
7146
7147
3634
1427
5450
6375
1421
3635
1359
92
6555
1203
3636
7037
1635
3637
3638
3639
2883
2924
683
1436
3640
3641
1568
6958
5654
7166
1573
5660
1806
1608
3642
3644
3643
4476
3645
7027
1445
581
1966
4369
1967
3646
1182
1181
6154
93
94
2158
5610
2355
2984
3647
3648
1761
6639
3649
6559
95
1567
1340
6810
1980
1424
7038
5761
1161
6270
1617
3650
3945
3651
3652
1653
5711
5376
2521
3653
7216
7217
96
5972
1679
97
98
7284
1194
3654
6141
6905
938
1195
2316
7043
798
5413
3656
6217
2182
958
1318
1173
1808
1198
6226
2692
1261
1085
1262
1260
5629
2028
5673
5802
3943
1081
817
816
818
5508
6750
6751
3657
5636
6701
5635
5497
3658
5548
973
1355
2326
3659
3660
1821
852
2851
4002
3662
99
100
7197
2693
7288
1603
6454
3663
6493
783
2848
2847
6821
824
2695
2694
5762
5720
2155
3665
3666
1886
3664
6246
2133
1721
1238
7300
5480
5587
3667
1274
1574
5644
543
6139
2074
1722
5741
5265
720
6265
1623
6910
6914
7013
101
1170
5921
1815
5513
3668
7183
6455
7268
5983
1190
1192
3669
1191
1193
1189
575
6314
3670
3671
1400
3256
1723
6032
6033
901
102
801
6144
6070
5665
5879
5285
103
5645
5866
5277
4856
6223
5352
5344
1519
7049
2425
2403
2030
6320
5519
6309
6002
3004
3932
992
6737
2859
7075
7076
3672
104
595
1878
2368
105
1725
1726
1724
1160
1900
668
6575
6577
6574
6576
6572
966
106
2123
861
107
5692
2161
1204
108
5958
2518
3673
2178
5959
2915
6113
6112
793
4586
5380
7161
6497
3674
1502
3675
1668
1481
5981
3676
1896
1765
2894
1105
6142
5306
3677
6037
2881
3006
4023
6182
2947
5875
5493
2414
2978
1410
3007
5925
5511
6107
2202
5859
5475
6266
6311
4024
3936
3678
5381
110
204
3009
4698
5751
3679
715
6128
3010
111
1069
1565
4533
6620
6076
6619
6606
5292
1429
4477
5460
6929
1714
5330
717
579
6486
4456
1727
2020
3680
6502
3681
1253
5439
1546
5955
112
7063
3259
6168
4367
833
7079
6104
7184
7144
1298
3011
1506
1728
1280
7015
1480
2209
3683
3682
2943
1082
1645
2273
1649
6990
1376
6136
7110
1580
6923
6527
6967
6968
1405
3684
113
5791
5464
1729
1730
682
114
5693
799
3685
3686
1214
115
2797
1621
3687
5871
2404
2207
6704
5423
6505
3012
3688
2135
2134
2313
3689
2312
116
5263
2034
2860
5722
5719
5461
4026
2231
1205
117
3690
4018
2292
6189
6338
1215
3691
636
6313
5353
5383
5384
5354
5545
1073
1498
1099
5676
800
5283
118
6274
5385
5386
5387
5355
5389
4009
5392
5393
4008
5390
2200
1941
6111
1942
2330
1218
5529
6937
7098
3257
2792
5752
2343
6922
5920
2798
6243
5850
119
2946
1329
5652
1052
2014
6207
2166
1909
2167
4052
5490
7088
5491
1155
6271
120
7119
6715
6155
5307
6495
3013
2221
831
6159
3692
5520
3693
3694
2230
121
3941
7269
5743
122
2264
2309
5938
6599
6702
1990
5744
123
5494
521
748
2071
2447
6178
3695
3696
6963
5623
5672
6948
6717
1811
5769
879
7312
3697
3698
124
3699
6688
4463
6687
6330
3700
3701
3702
5305
2277
6312
1126
5986
3703
6106
125
3705
5514
3706
3707
3708
3709
6568
6569
127
3014
3712
5507
3713
6275
6277
6278
1976
128
6284
4917
870
3715
6635
2004
3710
6233
5915
5979
3704
1459
3711
6157
6605
6162
126
2655
1212
6634
3015
1287
6179
5985
3716
6377
6023
5274
3717
2239
5466
6350
3718
5479
3017
3018
5846
6256
1381
6773
5895
4017
7050
7051
4049
3719
6771
6772
3720
7080
989
1286
2146
2467
537
5633
5777
2083
5688
3721
6280
1743
5470
6376
5521
6026
5988
6671
4531
2289
6305
2290
6331
6304
6691
6328
5717
5321
2084
3264
1058
2410
1731
3281
3265
3266
1379
2332
5415
6148
1441
6926
6936
1103
129
1223
1632
6721
942
1530
3283
1750
7004
3284
6456
7074
1219
3287
721
3288
6955
130
1268
838
6371
3290
3291
7247
3292
3293
5280
3294
3295
1996
3296
4474
1166
5430
1144
1416
3297
3298
2197
3299
3300
3301
1254
5320
1999
3302
2051
2223
747
914
1762
2930
750
5584
3303
5564
3304
2132
1167
6833
6834
6835
6836
6837
6839
6825
6826
6827
6828
6829
6830
6832
5675
1953
3305
131
5759
132
3307
5856
3310
3309
5712
872
7136
3311
871
2911
2257
134
1798
1979
2131
3328
135
3312
3317
3325
3321
3313
3320
2078
1165
5923
3330
1733
6628
1230
1231
900
7159
136
3332
930
1350
1000
3333
1084
3334
137
138
5444
3339
1049
2195
2107
3338
2405
2815
2462
3340
491
139
7113
551
3342
7017
3343
3344
3345
2295
5298
2247
3348
6115
3349
3347
3350
3346
2517
2516
1391
3351
7034
2117
3353
841
7256
2302
3354
3355
2279
1564
140
2985
2898
5515
2909
5736
141
6332
3356
6508
3358
3360
1755
1754
1475
1476
2271
142
3361
1200
3362
1075
1570
3363
3364
2120
6904
6205
6180
1121
7230
3366
7295
3367
1697
3369
5394
5395
2799
615
3370
3373
3372
3374
3371
3375
3376
564
3377
5396
2213
7137
7138
7139
7140
7141
7142
143
1237
3385
3019
5811
5304
3382
3384
3380
6011
6010
6015
6014
6012
5684
5713
6013
6039
6378
6006
3383
3381
6038
144
6516
145
146
5533
3387
716
5763
2063
3389
3390
3392
1751
3393
3397
3398
6561
3399
1375
2926
3401
3402
3404
3403
5588
6100
6099
7045
3405
3406
2336
1814
3407
5499
3408
3410
904
1907
1910
3416
3415
3417
2317
3411
3412
3413
3418
3414
6614
147
752
148
149
150
2052
3420
3422
3423
3424
1993
5530
1575
151
2045
3429
3427
3431
3426
1620
3020
1768
3433
5968
6953
3434
5453
2327
1551
3436
3437
3438
1120
1560
3439
3021
2836
1244
6479
1281
1271
1284
1264
1250
6535
2662
3441
7293
7292
7291
570
3442
5683
152
1569
881
1857
2735
3022
1618
5278
6706
905
153
2936
3444
3447
3445
3478
154
2032
3449
155
3450
1523
1879
3452
1577
1576
1208
7262
5275
3453
3454
5133
2068
5818
5567
5565
5566
3459
3457
3455
3456
3458
5953
3460
3461
3462
1688
1295
614
3464
3463
488
156
157
1769
6631
3468
158
3469
6209
5803
2113
3471
827
3470
3473
3474
3476
3475
159
160
161
1985
5873
2337
693
591
544
3479
859
1770
1471
3480
2248
3481
886
3484
3485
5855
6028
1272
3466
952
1061
2027
3465
3487
3024
162
1802
3488
754
470
164
2053
1396
3489
6845
3491
3492
3493
2348
1596
2902
3496
601
2925
1488
5872
7032
1991
791
2308
3499
724
3500
3501
3504
3505
5357
5397
4003
3506
165
3509
3238
166
3511
1771
2890
3513
3514
2879
6686
6380
3515
590
1228
3516
722
3518
3519
5600
1297
3520
1131
3522
1134
889
1321
3521
3524
6531
696
3525
3527
3528
5899
4701
2266
3529
1518
3530
3531
760
761
7129
762
759
3532
3533
1563
919
775
6131
6640
6300
6299
1420
6303
6302
6301
3535
3536
5836
2305
3537
3538
3539
7356
3540
3542
2288
882
2000
884
3541
3544
2892
7095
1128
1425
7246
6132
2047
1588
4035
5912
168
1419
169
592
2900
4036
170
171
3025
172
6961
965
4037
5883
5662
6517
6439
7097
6029
6367
5870
1378
6587
6588
6589
6580
6581
6590
6578
6579
6582
6583
6584
6585
6586
6591
6593
6592
5625
3141
5268
7011
7002
173
5800
1778
174
7018
2164
6560
2535
5563
6186
2356
2870
4040
6859
4041
6245
856
4042
4043
2479
4044
175
5643
7031
5670
6613
6612
6616
176
6611
177
2412
6949
5313
6267
6268
2349
781
4045
6129
5782
5781
510
5512
782
1737
6657
948
5723
533
6027
1856
6084
840
6082
6081
6083
653
828
5721
5551
5550
6095
3263
5358
5398
3939
5399
6344
4046
5765
7373
4047
2522
5606
5753
4447
2846
6980
6080
3028
2939
4053
7255
6386
4054
1772
1490
3269
178
6297
4057
2097
4059
2339
2540
977
4485
4060
2148
5288
5783
4061
7233
604
4062
179
678
1612
1773
180
1774
1775
1776
2029
6123
4063
6991
1681
1439
3946
7241
4064
3029
5758
5638
4065
4066
2744
2201
1745
3031
3032
2903
2093
3034
2094
1898
4067
835
2147
4121
1690
6960
6962
6959
5331
1647
963
1662
6511
5889
6357
4068
7180
7114
6184
2066
5456
2803
2802
6705
1870
741
545
5586
5585
6126
1331
181
4021
1437
4071
4072
1239
880
3035
182
6804
6805
6800
2275
5322
5718
4748
5913
1893
513
1370
4535
6342
4207
1435
5960
4074
5747
701
689
6679
5730
4697
5598
7194
2531
6353
5926
5553
7192
7181
2950
6086
744
1397
5448
2858
2908
1888
2157
6323
2199
6341
6343
6855
606
6325
5554
6324
980
4076
6358
2021
4750
883
4077
7360
854
1717
5954
1168
4078
4119
4120
4118
1920
5651
2260
4079
1003
6503
6840
6842
6841
6843
5613
5579
6090
4453
6089
5524
6091
5578
6087
6056
5612
6249
6088
6235
4080
936
1174
1118
5527
1146
2398
6601
6689
584
654
5867
1960
1919
1945
2445
4075
6351
5591
183
5999
5657
2917
4921
5680
5601
4081
5937
185
6041
184
5816
2862
6031
4083
4084
5778
1520
6801
3038
7341
7058
5534
2049
4086
1450
4087
2296
186
4088
1914
1324
188
4089
1667
187
2018
2500
7273
5542
4091
190
1777
4090
189
2280
5359
526
5518
2109
2010
5901
6924
5903
1825
6957
6239
191
5904
6442
5905
2101
4050
1547
5906
1048
4093
6134
2656
192
1628
4094
6884
5907
5442
5441
5440
5746
5908
5909
506
7214
605
5910
2291
5729
6791
193
5914
6792
6793
6770
6759
6760
6761
6762
6763
6764
6765
6766
6767
6768
6790
4095
5332
4012
5401
4096
5911
5991
194
6844
7188
5847
2497
4097
5822
4098
2185
6447
2258
6102
4101
7266
4102
5335
6352
6685
5503
1819
5949
6854
703
6850
195
1553
1454
1107
4104
3947
1305
1314
1315
916
7005
6866
1494
1605
6946
1702
1089
1535
6994
6868
633
1779
1087
6916
1270
1306
1579
5346
2657
1943
4022
2438
7120
196
4105
4106
6938
814
7033
7077
4108
3041
4109
4107
578
6557
6498
2839
2889
4110
4111
2007
4117
5270
1296
4112
197
4113
4114
1147
4115
1076
1555
1663
4116
1367
1294
6017
6615
7170
4123
2153
7172
1385
2090
4124
201
4125
4126
6998
3948
4129
4130
4132
4131
1585
4134
198
2905
656
4140
199
7248
1562
4142
6294
539
4137
5932
4139
4143
3044
5957
5891
6318
1965
5896
500
6886
4144
4145
5745
589
7270
4146
2350
200
508
4147
1060
4148
1749
1950
7335
1706
1067
2529
2440
1133
1557
203
4364
202
4151
820
4154
3237
2254
5603
205
1291
206
464
4157
6068
4158
4159
2050
4160
4161
6374
503
784
7243
6020
4162
4150
567
5869
7297
7299
4473
7298
4167
663
6723
1592
1781
213
207
1595
1780
208
6210
6211
1602
209
210
211
212
4168
1644
2937
5281
1995
1388
4169
4170
4171
2463
4172
4173
2474
5402
4174
704
1140
4176
6504
726
6253
214
2194
4177
5404
5403
1782
4179
5405
821
5379
5368
1508
4184
4181
4183
4182
925
6548
4185
5360
2824
2825
4186
1495
4187
5694
4188
1783
4189
6490
4191
6491
5977
4192
4193
621
1394
4195
1538
2003
1951
4197
4198
4199
2198
4200
2224
1430
4208
577
4210
4211
4212
4213
1713
7221
756
5681
4215
4214
1809
4219
4221
7179
4223
216
1534
215
4227
4225
4226
3046
5324
5325
1684
1784
867
4230
4229
4228
4232
4231
2833
7219
7218
4233
1703
6901
1453
1078
4372
6518
217
218
219
220
4235
221
740
5656
5748
790
4373
959
4237
4238
4239
2136
3047
4241
4243
4244
4245
4247
5326
5944
5943
786
4248
5574
1788
5284
2179
5573
710
1550
486
1201
1119
868
4249
6617
6365
2005
6709
6708
4250
2241
4251
520
1229
7398
2661
1625
4252
4919
1206
6319
6920
6150
5984
4255
2331
4254
2660
1096
1483
7276
2103
7016
562
7200
4256
4257
4258
4259
1403
1406
1401
1398
1402
222
223
631
224
4260
659
1399
5471
5607
702
2253
4261
4262
2913
4263
2127
4264
1882
5998
1805
1804
1803
3048
5876
5806
5989
4266
5990
5291
5064
2048
5310
4267
1746
5897
225
5834
4268
6156
5940
6641
803
4271
7227
1351
1810
4272
1664
4273
1785
1786
1142
4274
1510
1322
1323
1382
931
6879
6880
6881
6882
6887
6888
6889
6890
6892
6893
6894
6896
6899
6900
6970
6971
6977
6985
6986
7116
6981
6972
2413
1512
4275
1446
6874
1511
1108
1265
1482
2118
6883
6973
6974
6975
6966
2654
1753
6865
5345
1434
1088
1614
1656
6869
6873
6875
6876
6995
6997
632
1307
6870
920
6993
2965
2237
4276
6872
5342
5602
6976
1431
1712
6714
1787
1531
1704
4277
2076
2087
706
1643
3049
4278
7036
4280
226
4281
4282
4283
4284
1050
3935
5543
227
594
2196
535
1068
640
228
5970
4286
4287
1312
6911
891
1100
1101
1102
1500
3254
6909
6913
6908
1269
6861
888
3933
1313
5779
1594
229
2878
4467
4468
230
926
7344
231
1169
7337
6667
232
4290
1586
4291
5819
4292
2884
6218
3050
4293
5406
5362
4010
5363
4294
4295
6513
6594
4297
1390
3051
233
1521
2468
4300
6711
2534
4362
4363
2969
699
4301
4306
4308
4307
4309
4311
2850
3949
1890
4314
4315
4318
4320
4321
4322
4323
7277
1986
4325
4327
4329
4330
4331
235
6553
5887
6554
1532
1683
2142
996
994
995
4333
1973
933
4334
532
2928
4361
4360
5364
4335
2058
2249
4337
970
4338
643
2966
923
4359
4358
4339
946
4340
6465
6466
3052
4341
4374
1113
6247
1256
5299
2854
2853
5295
1911
851
1823
844
5575
7035
6206
6166
7163
968
755
7001
6567
4344
6570
6571
629
2077
613
4345
1540
4347
5505
4348
7060
7061
237
6774
6775
6776
6777
6778
6779
6780
6781
6782
6783
6785
6786
6787
6789
6794
6795
6788
2442
4349
4350
5634
6735
4351
238
1736
6756
6757
6758
1079
4352
4353
2942
705
4203
240
4354
4355
7121
4356
4204
239
3239
582
4459
1732
1211
885
961
1384
1791
241
242
4529
1881
7154
7156
7155
7157
2001
243
6598
4489
5885
244
245
6259
964
2491
4201
4202
4490
4491
246
5023
1963
1145
642
4494
4493
2499
849
5021
607
667
1063
666
850
4495
4496
5024
5637
2511
2512
2513
5025
6718
6232
5951
997
4497
4498
4499
5028
4500
981
4501
6647
661
7195
6915
2795
6208
5067
4445
5029
4019
3053
2282
247
1541
7239
5034
5264
4503
4506
2315
4504
4502
4508
1292
4509
5035
1179
4510
4511
248
4513
4514
1004
876
1820
1637
2845
912
5341
2214
4051
608
2035
2328
250
531
4515
2970
4516
7267
787
2949
4517
4518
2823
5488
4519
2659
4520
4521
2252
2876
6116
6566
573
1543
3149
6250
1464
4524
5854
5047
5048
1982
4525
1933
1792
1347
1393
1544
4526
1545
5049
5055
1975
5516
3798
5076
5658
6022
2971
839
2819
5077
4032
5078
5079
2055
5080
5338
5946
251
6236
252
6440
5888
6432
3054
5082
5740
253
471
2493
5088
5089
2395
6125
5093
5098
5092
5097
5091
6019
5090
2344
6024
2270
5290
5289
2227
5108
5111
254
5112
255
6564
256
5113
4465
4466
6917
1109
558
1114
1582
1277
1278
1279
1794
1566
1106
857
1328
924
5114
1309
1111
7008
1793
1255
5115
2921
6043
616
3950
1449
1659
1263
6907
6964
672
1104
1666
1694
5339
1514
1692
1362
918
1130
2967
257
5116
1258
1273
1308
7096
987
5119
7346
5121
5124
5120
5117
5118
5123
7009
258
6965
1154
1257
6867
524
1654
6877
260
1276
1086
6992
2538
2532
2541
2104
6227
5127
1939
5128
261
262
1921
3150
1235
593
6098
5130
7236
1386
5129
1289
5131
6272
5784
5135
5134
4206
5695
1572
3055
685
6030
697
1018
538
2056
5138
2259
5898
1600
5139
5140
5142
5141
2494
5146
5148
263
2922
546
5149
1141
751
7134
4007
5154
5156
5155
5157
5151
7039
5159
5160
5161
5163
5162
2154
264
1548
5164
5168
5169
5167
5166
5165
5170
2171
5171
5175
5173
5174
2085
5176
5181
5179
5180
2163
2872
6480
6458
6459
6460
6461
6463
5183
802
265
2875
2287
5184
5185
2394
5186
2256
6817
6048
6049
6538
5934
5969
5650
2310
5190
5189
266
5193
7126
5192
5194
5195
5196
5197
5594
5198
2790
1925
5482
1954
1156
6225
2357
5536
5789
1267
1710
2358
5200
5201
267
4470
2359
268
3144
7253
6369
2360
2299
5206
2361
7143
2362
5207
2363
5407
2364
2365
269
2370
1955
2371
2366
2022
2372
2373
2064
915
2374
6987
6988
2375
1952
4205
1202
3258
1110
1752
270
271
2376
7296
2423
5250
2191
974
2192
2190
2189
2186
2187
2377
7026
2379
2378
273
1497
2380
274
2367
2381
2382
2383
2385
5212
5214
5221
5213
5218
5220
5224
5222
5216
5219
5229
2386
7282
1159
2419
5576
5230
6213
2250
4472
6212
2420
5233
7258
5232
5235
2421
2422
5236
487
566
2427
2426
5238
5677
5239
5243
4027
1360
5073
5070
5071
5716
5247
2428
2524
6799
2429
669
505
2430
2431
2432
6133
5618
5452
7275
1795
2073
5593
2388
5701
5702
5703
5704
5706
5707
5708
5709
5700
5472
5705
275
6648
276
277
6488
6489
6487
6956
5255
5257
6607
5258
2393
6467
6468
2433
2389
2390
5742
6193
2391
6161
2392
2434
638
5605
2435
2436
2437
2906
1884
3057
3058
278
811
6646
6642
6643
6644
6645
279
2325
2938
4702
1213
4703
6103
6984
3937
4695
4705
657
4706
4707
4708
1275
2143
2844
2843
2006
3940
2205
3060
599
6097
3061
1171
1863
280
281
6823
812
5328
2972
4709
1492
1992
4712
4713
483
700
3062
947
2828
1796
1630
2446
4714
4715
6146
4716
2569
5648
5647
1983
5642
1984
5776
694
746
5653
5641
5303
5302
1994
749
282
2834
2835
4717
6101
5749
3063
6818
6819
6820
7066
7067
6815
7068
3064
1283
4376
4720
4721
1940
1285
5710
4722
283
972
1927
4723
785
4724
284
536
1408
4725
602
4726
285
5473
4357
4730
4731
2306
4732
286
714
287
2173
4733
6754
4734
4735
6979
1368
2092
4736
4739
288
953
6173
6175
6174
6176
289
6171
6177
6573
290
1584
4741
2156
4694
4743
4744
1899
5451
4745
2822
557
7029
1916
998
4746
848
6290
6306
6700
2321
6846
6053
2235
291
5458
4752
4753
1928
2523
6254
489
4756
4757
6403
4758
4760
7198
6315
1380
4761
1372
2826
2827
2111
1013
1864
4765
4766
4768
4770
4769
4767
2525
4771
4772
2506
4773
4775
4777
4778
4779
4780
1797
4781
4782
4784
4783
4785
4786
4787
2935
4791
4789
4788
4790
4792
4793
4797
4796
4798
5935
7185
7189
1249
6050
2091
745
4805
4804
4807
4803
4806
5609
2070
4809
4029
843
4033
2116
4454
6127
7152
4811
5842
2233
2333
4812
4814
2849
4815
571
4013
4817
1922
3994
5825
4821
4820
7025
7024
7023
7022
292
293
4825
4824
4828
4830
4829
4826
4827
1526
495
6204
2577
2347
7224
4840
6690
294
295
4841
7272
6433
6291
4851
4850
4855
296
2080
2278
5454
6044
4860
6438
2320
2818
4863
2067
552
1335
597
598
4866
4868
1874
1799
4869
1252
4870
4872
4480
4873
4876
5961
4874
5831
4877
4878
6512
1961
4879
297
298
2338
4880
6257
4882
4883
5941
7305
6228
865
855
6537
6536
6200
6541
6202
4478
300
301
6540
3143
4885
4887
6862
3255
1138
1700
7131
4890
860
4891
2245
832
765
4893
4894
4892
4471
4896
4897
4899
4901
5649
5669
4902
5812
708
4905
4906
5771
302
4908
4909
1800
549
303
304
927
5596
7118
4911
2832
2170
2274
4912
1197
4913
2181
5835
2212
5266
4914
4915
4922
3995
5948
305
4955
4957
4944
4956
4925
4931
4938
4945
4946
4954
4952
4960
4943
4959
4947
4941
4942
4939
4951
4953
4940
4948
4958
4927
4935
4932
4928
4936
4929
4937
4930
4933
4934
4926
4924
4949
4950
7338
707
5348
6481
692
5942
1744
6604
4968
4967
4965
4964
4966
4969
4970
4971
1336
5689
6921
1607
6944
1090
1444
1503
6903
5595
675
1077
2057
4974
4975
4014
684
1234
2122
7315
306
896
6670
6288
2054
2814
7245
307
6446
5646
1860
4461
7030
1139
6119
2152
4534
5674
4978
4980
6237
5329
4979
6054
5868
2899
4749
4488
2940
458
4981
4982
4983
4984
1358
7111
4985
1513
4986
6652
4987
4988
6258
4989
5000
4994
4990
4993
4991
5003
5001
5004
7171
2974
2973
2023
5005
1822
5372
5007
1813
3942
309
2482
1151
1742
4450
2544
2543
2542
310
7081
873
5008
5009
311
2130
5012
312
5014
1259
2464
5015
4048
4818
7302
2108
864
5815
875
5018
2145
5019
3153
3723
3724
249
2483
3725
945
3726
6181
3727
1829
313
2484
7176
3728
314
3729
5502
2407
5997
2062
1760
1862
315
316
2180
2887
3734
3735
2210
1065
2219
317
3738
5621
3739
554
555
1638
1180
3069
1601
560
1361
2112
3740
2975
6221
1705
6434
6222
3240
5792
1418
1828
3742
3743
1859
1824
3744
3745
6895
6982
3746
3747
3748
7162
3749
3750
3751
3752
3754
2471
507
3755
3757
5506
2852
3758
2934
3759
3760
5861
3761
3762
3763
3764
1946
3766
3768
1448
1447
3769
318
3770
3771
3772
1956
1124
1364
853
1217
2817
1636
1122
1363
2578
1718
3774
319
7287
3775
3776
719
2044
3777
2222
691
3781
3779
320
321
1599
7265
322
323
2033
324
3783
325
3784
3785
2880
3786
5728
5726
3787
326
3789
3790
3791
3792
1889
3793
7145
3794
1303
5532
5531
1183
4918
5892
5616
5617
2138
6608
2944
3802
628
2415
327
3803
3806
3807
3808
3810
6151
3811
1352
7133
979
1097
1923
2387
5296
6074
5659
5615
6075
3813
3812
328
2100
2501
329
6544
6543
3814
3815
7123
3817
330
3818
6552
3819
3820
2314
6242
3821
1740
6547
3822
332
819
957
670
5790
6474
1461
1474
1462
333
1473
1472
7240
1468
1460
941
6109
7044
1458
5699
7112
1469
1465
1457
334
335
1210
5496
1735
336
4751
3065
337
651
6196
339
3823
3825
3826
6444
6349
1904
2079
2526
3827
5365
340
3828
3830
3832
1689
6105
2485
1583
913
1505
1143
3837
3838
3839
3071
3840
3842
3845
3844
6978
6983
3847
3848
3849
3850
6939
5547
5571
4458
3853
3854
3857
3856
3855
6629
3858
3859
3860
7311
7310
673
3862
3864
2809
1300
3865
1719
3866
3870
3867
3868
3869
1423
3871
3872
3873
2863
3874
341
3876
6185
903
1242
1241
5351
3877
3878
983
1455
985
1610
1680
1092
5366
5410
1507
2225
6426
6424
6421
6412
6428
6418
6416
6427
6415
6423
6417
6411
6414
6419
6413
1432
6425
6420
6422
3882
2877
6712
1708
1957
3885
588
698
342
1738
935
2796
2807
1615
1440
6533
3888
2976
3889
343
3890
3891
4530
2888
6534
3892
3893
3896
3897
3898
5698
3899
2102
3072
1112
3901
863
5917
1711
7203
7202
3902
712
713
711
1974
3905
3906
3907
3908
3909
344
2238
3910
3911
2914
2242
5367
2226
3951
6400
3913
3914
345
2882
3916
1466
346
894
2920
3918
2139
6930
3919
347
3075
3920
1177
3922
3923
1903
890
1125
3924
3925
3926
1395
6549
6164
1981
348
1988
620
6316
4016
5793
349
1236
2933
6051
350
3928
351
2418
2301
6283
7281
5880
2829
5539
5770
6822
6004
2855
352
1302
3929
3930
353
1554
921
836
1831
3931
3952
637
3953
3954
2842
1354
3955
3956
3076
6286
5965
5443
6153
6036
2486
2140
7186
3957
5797
5314
6073
6072
6071
6046
5309
3958
7226
3959
3960
3961
7064
7065
1918
512
5666
4484
951
940
1790
2931
2968
3077
3962
7148
690
842
1282
5780
1669
6940
3079
1083
1611
3964
6524
2498
5614
7274
3966
3965
3967
3968
354
3969
1163
6078
5572
6079
2244
5054
1330
5487
3250
3249
3248
3971
3972
3973
3974
3976
3975
3977
3978
2502
3980
541
1357
6188
355
3982
3983
5599
3984
7070
7071
5432
2269
3986
3987
3989
5540
5829
3988
3252
3990
3991
3992
7020
1707
1826
2948
6382
2912
1129
1833
7290
1651
3155
6969
356
5446
1304
3156
5492
1428
2069
7101
7102
7103
7104
7105
7106
7107
7108
7204
7205
7206
7207
7208
7209
7210
7211
7213
357
6064
635
7115
610
6061
5311
2469
826
6059
6066
6069
1875
5286
6042
3244
2473
3157
878
358
2059
3158
7232
5982
1834
3159
6062
5878
2408
3160
1220
5980
3161
3162
3247
3246
3245
2465
3165
6063
6057
6058
6060
6067
5978
5628
2537
3166
5300
1225
3167
6675
6065
6276
2096
662
7053
1536
3168
3169
7100
4587
2024
7167
6562
5860
3170
3171
6637
1734
5624
3172
3173
3174
5833
5568
7343
1767
1064
2215
7019
1655
360
3175
2396
2932
3176
361
525
7228
7193
6716
6636
5731
7334
7358
5411
630
1972
6165
2856
7316
6633
2820
1816
6293
2060
5916
5272
1861
6668
530
2353
4479
5845
2203
2354
5679
2397
2444
4487
877
2240
5772
7169
2424
6532
6436
7257
5936
2514
7229
5786
3177
5549
1443
2340
2539
6632
4460
6519
6556
6092
6336
5733
7238
6093
4690
362
6190
2533
5655
6445
6264
1817
6565
5541
2910
2838
6528
1247
3178
1288
1346
5924
3179
1377
5826
3181
3180
5318
2015
6248
3183
3182
2979
3184
2893
3082
2927
815
1389
3187
2267
4449
3186
3185
5500
6262
3188
1071
5821
2830
7040
5864
1527
1404
5412
603
2272
6122
3189
2663
6364
1484
1486
5556
3190
6482
5438
6269
3191
1978
5682
364
365
1452
5664
1091
7014
493
494
3192
862
3193
1207
767
366
367
368
2232
911
6852
5950
2206
1516
5630
2492
6457
6469
6470
6897
236
5582
5814
7286
3194
3195
5317
2528
3196
7261
6348
2472
5768
6140
6138
3083
3197
2487
372
373
5927
371
370
1127
7259
6550
6448
4536
2283
3199
773
7007
3200
6229
6230
6231
1872
6333
6356
2952
6354
6558
5794
3202
3203
2953
6755
5510
374
5476
2954
2955
1895
2957
2958
5678
2218
5725
2959
2960
2961
2963
6509
2929
652
6494
3084
3085
6366
5995
5580
5569
5994
5963
5570
5992
5993
6021
5964
5962
5697
375
3086
6496
5279
3211
1855
2901
3212
5853
3214
3213
1062
3215
3216
6077
6085
6337
1053
5764
5467
967
5685
1014
718
6847
1739
6710
1226
7028
5267
6322
6600
7158
2081
6703
5424
2916
6203
6094
3242
376
3139
377
1320
1873
6018
1549
5756
6849
4004
1374
3217
960
378
6197
6194
6195
5865
3218
3219
2025
5967
5966
504
379
7125
499
1019
1216
6145
5457
6334
5933
2129
1327
6368
3220
1338
3221
955
5495
1339
1648
466
1559
1578
1581
6951
6950
4475
5068
380
7271
5929
3087
6287
6241
6130
6680
4481
3222
4916
1835
895
3223
6942
1701
1836
1299
2176
7249
7250
7251
7252
2808
6673
2172
1533
3224
1266
6738
2169
6483
5732
382
381
2086
3225
3226
2865
383
2885
2530
1463
4025
5900
3227
929
5429
1880
1832
3228
3229
6848
3230
7196
6335
7182
7234
5799
5798
5282
6282
2251
2168
6220
574
1695
384
1456
2019
6355
5525
5839
5485
6363
553
5893
3088
5851
5852
3089
1906
5269
385
7357
7223
5400
3231
3232
2351
6681
6683
3233
2031
2246
3090
3944
5862
2298
2813
6796
3234
490
1524
1246
5840
3140
2039
6860
763
386
5724
6362
6361
6360
2040
1186
1188
1333
1332
1185
1080
4381
6408
6409
6410
2041
387
388
476
390
391
392
1243
1353
1646
897
4382
4383
5333
658
2475
2477
2476
4385
4384
393
2243
6943
4377
6359
4386
394
5738
7003
4388
2977
395
396
397
4390
5928
2904
1818
4391
1657
5973
4392
4393
4394
7072
4395
7073
789
1891
2144
5489
822
6381
6108
4420
4396
4397
467
398
834
5557
5559
399
5562
5560
5757
2009
5561
5558
6199
5592
400
2864
2160
4401
4403
4400
4402
4399
4398
5546
401
6798
6797
4380
4379
4404
4405
5433
794
4406
600
3996
3091
4408
4407
4409
4410
797
3092
4411
1552
1413
1411
2805
1422
6996
1658
1477
4412
2896
6449
2941
893
5347
5976
4413
1529
4414
917
1606
4422
4423
4424
1838
5349
4419
2509
5886
4415
3997
4416
6001
4417
1759
6451
3934
4418
6339
4425
3093
6526
5459
4426
3116
3117
3118
3115
4432
3114
3108
3109
3112
4429
4431
3107
3110
3106
3105
4430
4427
3111
4428
3113
402
858
1148
4433
4434
7153
1433
485
403
4435
7309
3094
4436
4020
2089
1997
1949
6692
6693
6694
1149
6695
404
2507
1758
1885
1901
2986
6857
405
5755
5478
6149
6251
4006
5552
2384
845
7285
2987
4438
6008
5620
6238
5428
4439
2988
676
6563
2989
1716
2334
7117
4442
1757
540
4443
679
7264
2837
407
475
1839
408
7078
7231
4444
409
2990
4538
4539
4540
4541
410
5974
2042
4542
688
5517
6649
4543
4544
4545
6016
4547
1840
922
4464
6152
411
3104
6678
2125
2126
7083
7084
7082
6856
2409
550
4550
7093
4551
2319
4552
412
4553
587
542
413
414
4554
4555
5832
4556
4557
4558
559
2804
1741
1670
1841
2075
1650
415
1132
1412
416
1843
2794
417
1290
908
906
4559
1665
774
4560
4561
5848
1209
6672
5334
1691
5414
6170
5337
1868
1869
2324
4563
4564
5483
1678
7086
2861
1515
4566
418
7173
4565
2806
3095
2110
1844
1634
6252
4567
5276
1686
4568
4569
5734
420
5340
1349
6945
4570
4571
7215
4572
4573
6952
4574
4575
4577
1066
902
1633
1316
4578
1698
1699
1095
6858
6492
1682
4579
2488
4581
1747
421
655
422
764
4582
423
4583
1845
4584
2489
4588
1301
1317
1924
2554
4589
4590
2211
2439
5857
548
6260
7174
1383
7359
7087
5481
4591
4482
3119
4030
6484
6471
6472
6473
3120
3121
3122
2886
424
5671
1598
6898
4366
425
2891
813
3123
4595
4596
511
743
4597
4598
6610
1812
1685
618
2490
5823
4600
427
585
4601
4602
6941
1846
1847
1848
1849
4605
2150
3124
6437
4607
4606
4608
1093
2043
4609
3125
2017
2115
429
4612
5687
4537
3126
3097
6406
2951
3127
2137
6919
2411
6912
6871
6927
6906
6933
430
3128
4615
1958
5863
3129
3130
6285
4616
3131
431
3132
4617
6383
4618
4620
432
3098
3134
1827
433
4621
6510
4622
2810
5801
1897
4624
2341
1696
5420
4005
4011
3938
5416
5369
5418
5419
5370
5417
5421
4626
484
4627
4628
434
4629
6539
435
4630
4631
4632
846
4633
461
4634
6485
6476
6475
4637
4638
4446
4639
438
437
439
440
1854
4640
3099
7094
3100
1989
3146
1499
4691
7177
3998
1850
3138
3999
4645
4652
4648
4650
1877
4647
4646
4486
4649
4651
3101
4653
2234
4654
6477
6462
6464
4655
1971
2352
4656
1851
6003
4657
4659
4660
4000
1042
1043
2281
5327
443
6214
6215
7057
7056
7055
1044
778
6918
1045
776
5754
1046
6201
7069
4371
6289
2918
5838
5294
4663
5437
6244
1409
932
5316
6009
7122
4664
4665
6697
6187
971
4666
3136
2082
4667
4668
2285
522
4669
2789
444
4670
6722
6729
6724
6731
6725
6730
1558
6732
6727
6726
6728
4671
4672
4673
6736
4674
2061
6863
449
1748
4675
4676
5874
6345
6346
6347
445
6478
5436
934
7132
446
939
4677
943
447
448
4678
4679
1222
6989
7021
1221
1415
5060
1609
1571
6034
1852
5336
1853
5918
6340
6443
452
3102
3145
450
451
4680
686
4681
7089
4682
3103
5858
1693
6405
4683
2175
6240
4684
6310
1152
4685
3137
777
7000
4686
4687
4001
6279
4688
3135
